eaa3724_004_0000056_00001_k1.tif
eaa2072_002_0000005_00001_k.tif
eaa0854_004_0000064_00001_k.tif
29419
29645
29555
88
108340
erat-0-6_003_0000097_00001_k.tif
29415
eaa0079_002_0000450_00001_k.tif
eaa0079_002_0000450_00001_k.tif
erat0-6_003_0000251_00001_k.tif
erar0-1_016_0000096_00076_k.tif
erat0-6_005_0000002_00008_k.tif
eaa3724_004_0000056_00001_k1.tif
eaa0854_004_0000790_00001_k.tif
102074
4641
9855
218389
218389
102002
111043
207849
120153
200777
116165
120871
116167
120847
120873
241582
223986
103554
103554
17948
28844
264293
100699
21121
108508
21118
108551
229215
218443
218444
218443
103596
103565
103565
221930
102212
102209
102778
210701
21121
4628
21096
218532
294191
102797
3149
209243
101699
100495
110759
4606
10534
4607
3092
213691
213690
213689
218531
200581
10524
103552
201422
103910
100866
100868
103908
28834
5309
235419
32810
21063
5306
229382
17541
5305
66234
21036
45502
225861
29603
